,fund_budget_year,received,notreceive,allproject
0,2555,334,178,512
1,2556,384,62,446
2,2557,401,76,477
3,2558,533,124,657
4,2559,508,52,560
5,2560,924,81,1005
6,2561,552,143,695
7,2562,541,132,673
8,2563,331,149,480
9,2564,121,51,172
